0.999999,-0.001185,0.000000,0.000000,0.001185,0.999999,0.000000,0.000000,0.000000,0.000000,1.000000,0.000000,10.000993,-0.011854,0.000000,1.000000
0.808389,-0.588648,0.000000,0.000000,0.588648,0.808389,0.000000,0.000000,0.000000,0.000000,1.000000,0.000000,8.084703,-5.887068,0.000000,1.000000
0.308115,-0.951349,0.000000,0.000000,0.951349,0.308115,0.000000,0.000000,0.000000,0.000000,1.000000,0.000000,3.080842,-9.512540,0.000000,1.000000
-0.309806,-0.950800,0.000000,0.000000,0.950800,-0.309806,0.000000,0.000000,0.000000,0.000000,1.000000,0.000000,-3.097750,-9.507047,0.000000,1.000000
-0.809435,-0.587210,0.000000,0.000000,0.587210,-0.809435,0.000000,0.000000,0.000000,0.000000,1.000000,0.000000,-8.093539,-5.871510,0.000000,1.000000
-1.000000,0.000593,0.000000,0.000000,-0.000593,-1.000000,0.000000,0.000000,0.000000,0.000000,1.000000,0.000000,-9.998998,0.005926,0.000000,1.000000
-0.808738,0.588169,0.000000,0.000000,-0.588169,-0.808738,0.000000,0.000000,0.000000,0.000000,1.000000,0.000000,-8.086573,5.881099,0.000000,1.000000
-0.308679,0.951166,0.000000,0.000000,-0.951166,-0.308679,0.000000,0.000000,0.000000,0.000000,1.000000,0.000000,-3.086479,9.510712,0.000000,1.000000
0.309242,0.950983,0.000000,0.000000,-0.950983,0.309242,0.000000,0.000000,0.000000,0.000000,1.000000,0.000000,3.092734,9.510783,0.000000,1.000000
0.809087,0.587689,0.000000,0.000000,-0.587689,0.809087,0.000000,0.000000,0.000000,0.000000,1.000000,0.000000,8.091676,5.877481,0.000000,1.000000
