b 0.809017 0.587785 0 0 -0.587785 0.809017 0 0 0 0 1 0 8.47955 5.67945 0 1 1 0 0
b 0.309017 0.951056 0 0 -0.951056 0.309017 0 0 0 0 1 0 3.91119 9.38053 0 1 1 0 0
b -0.309017 0.951056 0 0 -0.951057 -0.309017 0 0 0 0 1 0 -1.96013 9.68955 0 1 1 0 0
b -0.809017 0.587785 0 0 -0.587785 -0.809017 0 0 0 0 1 0 -6.89177 6.48847 0 1 1 0 0
b -1 0 0 0 0 -1 0 0 0 0 1 0 -9 1 0 1 1 0 0
b -0.809017 -0.587785 0 0 0.587785 -0.809017 0 0 0 0 1 0 -7.47956 -4.67945 0 1 1 0 0
b -0.309017 -0.951056 0 0 0.951057 -0.309017 0 0 0 0 1 0 -2.91119 -8.38053 0 1 1 0 0
b 0.309017 -0.951056 0 0 0.951057 0.309017 0 0 0 0 1 0 2.96013 -8.68955 0 1 1 0 0
b 0.809017 -0.587785 0 0 0.587785 0.809017 0 0 0 0 1 0 7.89177 -5.48847 0 1 1 0 0
b 1 -8.9407e-08 0 0 0 1 0 0 0 0 1 0 10 -9.23872e-07 0 1 1 0 0
