b -0.999998 0.001778 0.000000 0.000000 -0.001778 -0.999998 0.000000 0.000000 0.000000 0.000000 1.000000 0.000000 9.999993 -0.011853 0.000000 1.000000
b -0.808040 0.589127 0.000000 0.000000 -0.589127 -0.808040 0.000000 0.000000 0.000000 0.000000 1.000000 0.000000 8.083895 -5.886480 0.000000 1.000000
b -0.307551 0.951532 0.000000 0.000000 -0.951532 -0.307551 0.000000 0.000000 0.000000 0.000000 1.000000 0.000000 3.081150 -9.513491 0.000000 1.000000
b 0.310369 0.950616 0.000000 0.000000 -0.950616 0.310369 0.000000 0.000000 0.000000 0.000000 1.000000 0.000000 -3.098060 -9.507998 0.000000 1.000000
b 0.809783 0.586730 0.000000 0.000000 -0.586730 0.809783 0.000000 0.000000 0.000000 0.000000 1.000000 0.000000 -8.094348 -5.872097 0.000000 1.000000
b 0.999999 -0.001185 0.000000 0.000000 0.001185 0.999999 0.000000 0.000000 0.000000 0.000000 1.000000 0.000000 -9.999998 0.005927 0.000000 1.000000
b 0.808389 -0.588648 0.000000 0.000000 0.588648 0.808389 0.000000 0.000000 0.000000 0.000000 1.000000 0.000000 -8.087382 5.881688 0.000000 1.000000
b 0.308115 -0.951349 0.000000 0.000000 0.951349 0.308115 0.000000 0.000000 0.000000 0.000000 1.000000 0.000000 -3.086788 9.511663 0.000000 1.000000
b -0.309806 -0.950800 0.000000 0.000000 0.950800 -0.309806 0.000000 0.000000 0.000000 0.000000 1.000000 0.000000 3.092424 9.509832 0.000000 1.000000
b -0.809435 -0.587210 0.000000 0.000000 0.587210 -0.809435 0.000000 0.000000 0.000000 0.000000 1.000000 0.000000 8.090867 5.876894 0.000000 1.000000
